time,x,y,z,phi,theta,psi,x_velocity,y_velocity,z_velocity,phi_velocity,theta_velocity,psi_velocity,rotor_speed1,rotor_speed2,rotor_speed3,rotor_speed4
0.06,9.01845702735e-08,-6.60325133402e-08,10.0061336262,6.28286068684,6.28304645468,4.0,1.06262910512e-05,-1.76026440685e-05,0.204439112214,-0.0193525095168,-0.00739922747692,0.0,469.05159422404546,468.47676714475455,469.7239317548508,468.22110821436615
0.12000000000000001,5.31374106757e-06,-1.26014364413e-05,10.0237435998,6.28233764019,6.28299314527,4.0,0.00018895689807,-0.000489373178619,0.382516558967,0.0068369556009,0.0096978342428,0.0,459.69820456079935,461.0507891767406,460.7350810233908,462.80076969654635
0.18,1.83772609924e-05,-5.70554814351e-05,10.0484832235,6.2825043624,0.000145776622595,4.0,0.00020080937668,-0.000963197428037,0.442115957334,-0.0069141613963,-0.00408136376281,0.0,425.3244292619361,424.1427894034527,423.96469570866776,422.78171308914136
0.23999999999999996,2.86844332411e-05,-0.000128026634732,10.0748120495,6.28166593706,6.28306693862,4.0,0.000164700772174,-0.00145112013108,0.435514139999,-0.0343769184813,-0.00505242001268,0.0,402.5772880605453,402.48950649532406,402.443975989866,399.95087474922633
0.3,4.23929788435e-05,-0.000255920635815,10.1047085964,6.279368427,6.28249712331,4.0,0.00033635315752,-0.00304098239268,0.560983093964,-0.0475698920098,-0.0203313176085,0.0,445.8484383190029,444.59866909894555,445.57058090243635,444.49012004088473
0.36000000000000004,7.79085713216e-05,-0.000512429771284,10.1377714471,6.27663671847,6.28157335063,4.0,0.000936573627192,-0.00574445501709,0.541120530769,-0.0417309994499,-0.007006163332,0.0,396.7844074733904,398.0057079114021,397.1157296595753,397.64939357212245
0.4200000000000001,0.000169421585441,-0.00100366555624,10.1735874404,6.27470322806,6.28133543772,4.0,0.00214727855205,-0.0108548932596,0.652686563917,-0.0179347088791,0.00151229041695,0.0,440.36740796604465,441.07145007285476,440.0643192192881,442.02888071178063
0.48000000000000015,0.000337823027492,-0.0018425464766,10.2166899723,6.27351445715,6.28102113385,4.0,0.00347196500416,-0.0172275504993,0.783982040997,-0.0238615178397,-0.0242869268472,0.0,448.8717151980162,446.7735147814668,446.79070939922593,446.30733467001875
0.5400000000000001,0.000595183331982,-0.00307618022491,10.2661893111,6.2717989753,6.27926139547,4.0,0.00526375490337,-0.0240470591559,0.865934935278,-0.0403014379553,-0.0420362783384,0.0,432.8036565901915,431.3070511959869,432.21826978479197,430.830383111795
0.6000000000000002,0.00100661213827,-0.00477718448594,10.3223091983,6.26946147003,6.27695384493,4.0,0.00870935338839,-0.0329077681944,1.0046115235,-0.0363998997514,-0.0321252145442,0.0,448.9110342296635,449.71371305279274,450.12851584701815,450.4433616890665
0.6600000000000003,0.00166816068548,-0.00704963648303,10.386011173,6.26703836955,6.2746992145,4.0,0.0135559617221,-0.0430773310686,1.11867744657,-0.0498633056183,-0.0516568421726,0.0,443.1836528766874,441.57478213696515,442.9695384808096,441.8602440964837
0.7200000000000003,0.00267001275759,-0.00998139909244,10.4562634716,6.26359280702,6.27140302674,4.0,0.0201654335845,-0.0549687367314,1.22295071965,-0.0802239428318,-0.062466565076,0.0,440.8384220508882,439.9423017619155,439.9901770765535,437.46700389323973
0.7800000000000004,0.00411210723428,-0.01366289802,10.5307192069,6.25923560513,6.26883365203,4.0,0.0281817701628,-0.0681683003757,1.25885502451,-0.0606217067819,-0.0191682687835,0.0,416.2186562689932,419.98885413819886,416.3511191095655,418.0577946296001
0.8400000000000004,0.00615737344364,-0.018351876742,10.6129052716,6.25549677551,6.26737220237,4.0,0.040143420713,-0.0885668510798,1.48040573793,-0.0659313801772,-0.0375501548544,0.0,477.01100822250305,475.60527123259806,475.01362426406837,474.60377683234077
0.9000000000000005,0.00892203325853,-0.0242894268208,10.7060010579,6.25120959394,6.26467285323,4.0,0.0522691397826,-0.109788584225,1.62257736795,-0.0857681462932,-0.0671734973067,0.0,453.3232943937223,450.93545425564963,453.38584118272587,451.7854023385781
0.9600000000000005,0.0124133585703,-0.0314839093547,10.8041336354,6.24630447393,6.26088655382,4.0,0.0644628510202,-0.130482715599,1.64844712514,-0.0747382611281,-0.0560100532187,0.0,413.9982991264808,414.9760547646589,416.1101433549569,417.06855802592725
1.0200000000000005,0.0167379970827,-0.0400648828291,10.9053183214,6.24210878723,6.25695556332,4.0,0.0800307185604,-0.15597117866,1.72423724208,-0.0617239164871,-0.102604214772,0.0,433.74497252781947,429.81007982382636,431.82100025427616,432.91341841023063
1.0800000000000005,0.0220979858937,-0.0502732724065,11.0114749907,6.2390827195,6.25043627627,4.0,0.0992655217878,-0.184633988225,1.81414419234,-0.0341832259536,-0.124876497024,0.0,437.833522234986,435.9657186785828,435.7756578612414,438.0696833772232
1.1400000000000006,0.0288359363198,-0.0623696426066,11.1255387986,6.23658992231,6.24313687786,4.0,0.12615841063,-0.218813062635,1.98765136993,-0.0633632697456,-0.115895081452,0.0,462.926119279556,463.61949273162554,464.2220277589596,461.92572963163786
1.2000000000000006,0.0373218978821,-0.0765468735564,11.249278344,6.23251228302,6.23671211314,4.0,0.157423480147,-0.254175724883,2.13667485208,-0.07925431635,-0.0936024106157,0.0,455.518762246496,457.2878375041744,457.1593507838434,455.8880044697667
1.2600000000000007,0.0477471701175,-0.092858817312,11.3803852179,6.22807128932,6.23100731217,4.0,0.190652541092,-0.290010481382,2.2333090914,-0.0651938870829,-0.0982098048795,0.0,440.86909801386395,440.48047683521736,440.4910246253669,441.64777357143106
1.3200000000000007,0.0604900427925,-0.111623851779,11.5211194777,6.22416896547,6.22491057673,4.0,0.23480746367,-0.335933963462,2.45729963257,-0.0647303580323,-0.109467135289,0.0,480.25249348180176,479.3897238692094,480.2044005762383,480.23678834165787
1.3800000000000008,0.0757488901895,-0.132952828623,11.6704924111,6.22040286872,6.2181833759,4.0,0.274456815774,-0.375391977338,2.52158299467,-0.0591091938632,-0.118031856908,0.0,432.3669980692302,431.6332160758605,432.19301296801103,432.66353366560077
1.4400000000000008,0.0937356192213,-0.156926496114,11.8269381514,6.21721486543,6.21121512546,4.0,0.325867712186,-0.424080014916,2.69278994986,-0.0432751412844,-0.112598250397,0.0,465.478699080561,465.8922997925501,465.6851667441425,466.9202767677286
1.5000000000000009,0.114574497603,-0.183536141149,11.988322654,6.21501407045,6.20452789643,4.0,0.369345638528,-0.463113336873,2.68663317164,-0.0259838760922,-0.109259843538,0.0,410.3909804937184,410.67505718591923,409.4159934339535,410.9507515819416
1.560000000000001,0.13848104967,-0.212815641019,12.153587668,6.21342029329,6.19802112656,4.0,0.428216934037,-0.513015545553,2.82178236597,-0.0277468393053,-0.1068678777,0.0,456.0299075243269,456.21090365012304,456.3553163948228,456.2144416416633
1.620000000000001,0.165988047072,-0.245064908353,12.3260977267,6.21156769414,6.19117405164,4.0,0.489339041003,-0.56212061976,2.92818474593,-0.0380133614576,-0.135369624742,0.0,449.2144905266939,446.88520449361096,448.7213508631674,447.8868119369801
1.680000000000001,0.197474159448,-0.280425249633,12.5066888716,6.20923886589,6.18319463656,4.0,0.561057017687,-0.616779935539,3.09095066184,-0.0404643420253,-0.12861646114,0.0,466.7375467725033,467.24893675006194,465.68636405145776,465.49393378729684
1.740000000000001,0.233167418807,-0.318916844307,12.6943231244,6.20638823677,6.17571786512,4.0,0.629444756186,-0.666509090666,3.16319061686,-0.0678429458843,-0.117620700738,0.0,439.6046561032869,440.5005151993545,439.87256896418097,437.5977231458292
1.8000000000000012,0.272839198245,-0.360262298182,12.8837888322,6.20204354445,6.16921198363,4.0,0.693531948221,-0.712033489145,3.15222973344,-0.0836160551326,-0.0945152618774,0.0,411.70527047797606,413.7329154147413,413.2981592291836,411.90093393862384
1.8600000000000012,0.316992360261,-0.404790855559,13.0771117133,6.19729237062,6.16359956268,4.0,0.778806036176,-0.772743646154,3.29129994846,-0.0715456493341,-0.0916598744802,0.0,461.37823920323376,461.59657541352044,460.60572788219685,461.5545045152424
1.9200000000000013,0.366029849524,-0.452809228427,13.275826381,6.19329471529,6.15805067991,4.0,0.856282741375,-0.828245044857,3.33224778825,-0.0582656211067,-0.0941759124011,0.0,431.5966283787381,431.3767137923602,430.9059045435454,432.02359995111397
1.9800000000000013,0.420044581586,-0.504389344007,13.4787126769,6.19002795936,6.15262005528,4.0,0.944739557991,-0.89140993272,3.43016385667,-0.0477336725343,-0.0840403298133,0.0,449.24617415396176,450.0604817705668,450.57911589672534,451.4278296634507
2.0400000000000014,0.478896369116,-0.55941287474,13.6830625065,6.18790498747,6.14757999195,4.0,1.01741889353,-0.942921984332,3.38151296757,-0.0180358691091,-0.0839226742265,0.0,402.5713875676457,402.57546031597445,401.5809939627062,404.2651279565871
2.1000000000000014,0.543582514905,-0.61852304669,13.8945381567,6.1864568938,6.14250309631,4.0,1.13932495725,-1.02749270255,3.66658493304,-0.0405581867852,-0.0860357234461,0.0,506.8825235010557,506.72573803590717,507.28186936789234,505.6619024155818
2.1600000000000015,0.614805845973,-0.682131558871,14.1167053064,6.18393953097,6.13705228431,4.0,1.23527783662,-1.09301552726,3.73856049358,-0.0449086754909,-0.102804259524,0.0,446.201865300228,444.82365516754066,445.5272845263977,445.1704683734091
2.2200000000000015,0.692000165151,-0.749790345439,14.343823462,6.18147994559,6.13060322397,4.0,1.3384624077,-1.16250843569,3.83150368999,-0.0341317396571,-0.119028679136,0.0,453.78519579299143,452.4707501954248,452.4320698666178,453.29810787434326
2.2800000000000016,0.775863672349,-0.821891348924,14.5786583595,6.17958713547,6.12368189567,4.0,1.45768865984,-1.24101915795,3.99547931105,-0.0268230661361,-0.108874590323,0.0,475.55078791983397,476.31701584134896,475.557574219658,476.1168212805043
2.3400000000000016,0.866131835852,-0.898165671184,14.8177260087,6.1776325304,6.11692133042,4.0,1.55183185613,-1.30162179931,3.97330367462,-0.0477202886019,-0.12162631815,0.0,418.2121326496882,417.08752753420686,420.0864143552074,418.26966243233005
2.4000000000000017,0.9632682509,-0.978803701244,15.0618884789,6.1750349089,6.11029505059,4.0,1.68673207067,-1.3865516732,4.16441402013,-0.0356557703633,-0.0943003849417,0.0,484.87328928848643,486.91191618192323,485.70216979448134,486.60531073528335
2.4600000000000017,1.06810804811,-1.06426228194,15.3143913943,6.1724435527,6.10460249316,4.0,1.80844714083,-1.46226945099,4.25173499428,-0.0658447874579,-0.0960517865751,0.0,456.5232381471498,456.376064595911,458.0583634675609,455.649795959742
2.520000000000002,1.18086837586,-1.15463088603,15.5748090735,6.16799188475,6.0986355552,4.0,1.95077021005,-1.55040498281,4.42779069316,-0.10143565298,-0.107289854728,0.0,485.88961592641937,485.03861857343503,485.74207592185894,483.06105382775206
2.580000000000002,1.30112021436,-1.24966509375,15.8394301806,6.16199149595,6.09206396031,4.0,2.05818960045,-1.61791774005,4.39271065385,-0.0972933395555,-0.114419400273,0.0,420.76456960298253,420.13541725819414,420.1447935011488,420.494575176014
2.640000000000002,1.42914013448,-1.34960823367,16.1080486265,6.15593685473,6.08483455807,4.0,2.20978723777,-1.71409076498,4.56006477821,-0.109350346952,-0.136785144444,0.0,486.47615341976984,484.78624919151105,485.0477430737367,484.13335693515427
2.700000000000002,1.56596539062,-1.45516901241,16.3843564144,6.14900547672,6.07643589051,4.0,2.35180268697,-1.80520986295,4.64928726289,-0.132207537172,-0.147271353779,0.0,464.52460510493535,463.68406546275577,464.5235206803337,462.7156988354645
2.760000000000002,1.71131582979,-1.56623164309,16.6651245603,6.14171145934,6.0677501741,4.0,2.49398566538,-1.89754591729,4.70881399916,-0.106018786364,-0.140169129772,0.0,455.9943641864647,456.54243101479136,455.72521413108717,457.80064714715957
2.820000000000002,1.86515615986,-1.68283437698,16.9484232073,6.13525884629,6.05968714502,4.0,2.63473950659,-1.98976240534,4.73380420698,-0.110779176437,-0.124794426399,0.0,446.7599872703863,447.99532570622046,447.2691653935804,446.87112978693773
2.880000000000002,2.02761241487,-1.80510452721,17.2332265936,6.12864848624,6.05280054675,4.0,2.78108374335,-2.08648260644,4.75895689973,-0.10898746347,-0.0999149677645,0.0,447.19124759862353,449.2015675447426,449.21124942506464,449.3459572533387
2.940000000000002,2.19887849311,-1.93323661753,17.519039657,6.1222898746,6.04678069561,4.0,2.92830338966,-2.18514627179,4.76754465489,-0.100553253438,-0.101175182978,0.0,445.4353884626796,445.32363621885594,443.90483914704953,444.58665705653686
3.000000000000002,2.37837830721,-2.06692900999,17.8023736383,6.11661888449,6.04106698417,4.0,3.05556417493,-2.27177238352,4.67682634745,-0.0845778699794,-0.0854135137563,0.0,411.1895940427229,412.5751833322658,412.0541743547067,413.45584225681364
3.0600000000000023,2.56736665065,-2.20709276889,18.0871974241,6.1116382655,6.03643710244,4.0,3.24440247033,-2.4007840281,4.81601321121,-0.0800481321518,-0.0643668257363,0.0,486.2404675877615,487.81053242921786,487.59760480179307,487.9309921760015
3.1200000000000023,2.76651641574,-2.35424626102,18.3753106738,6.10685644493,6.03228157057,4.0,3.39430020529,-2.5047746201,4.7873571094,-0.0790042750831,-0.081476330555,0.0,436.94804319967824,435.5151907310077,437.2800152881861,437.36177077191144
3.1800000000000024,2.97572914763,-2.50840431425,18.6653952189,6.10191643493,6.02748471629,4.0,3.57982759742,-2.6342379707,4.88099657321,-0.0899936598533,-0.0770547831876,0.0,476.90476133790537,477.23776224468645,477.5379158685829,476.6937034000919
3.2400000000000024,3.19434421831,-2.66917271645,18.9541125018,6.09645740797,6.02313302407,4.0,3.70783803549,-2.72522359705,4.74302559983,-0.0930398872678,-0.0647428604815,0.0,400.90275071758293,402.0153978225439,402.528256520353,402.244525618143
3.3000000000000025,3.42208145622,-2.83644611603,19.2395219111,6.09118216269,6.01965457841,4.0,3.88371130071,-2.8510468074,4.76981614429,-0.0792691337772,-0.0470502038512,0.0,458.2049096015687,459.60725406105394,457.1680764674143,458.25795327500464
3.3600000000000025,3.66007492432,-3.01111440449,19.5250989648,6.08613004823,6.01729270486,4.0,4.04967361194,-2.97170294639,4.748897224,-0.0965477147566,-0.0272604198004,0.0,443.33470931058844,444.95723799120316,445.3242007569755,443.90232809844287
3.4200000000000026,3.90816994159,-3.19319353591,19.8096583303,6.07986412124,6.01577505733,4.0,4.22034117323,-3.09817061567,4.73582653844,-0.12890991075,-0.021626538568,0.0,446.7122818112647,447.1714434120536,450.6876034643181,448.0536518499921
3.4800000000000026,4.16641038519,-3.38289121174,20.0928490656,6.07263421538,6.01406115498,4.0,4.38786553515,-3.22577845904,4.70331712382,-0.107507004548,-0.048422275438,0.0,443.95351690630645,441.7485730761641,442.37904855687333,444.1248587427887
3.5400000000000027,4.43435960583,-3.58008019446,20.3725913002,6.06686034997,6.01135543684,4.0,4.54413972119,-3.34778096131,4.62111812075,-0.0799992934689,-0.0391584421333,0.0,427.96637377958297,428.75305470152,425.14896094113885,427.49110035250965
3.6000000000000028,4.71190485901,-3.78481701732,20.6478581006,6.06167994592,6.00950178429,4.0,4.7076789009,-3.4773077008,4.55407428854,-0.103686322994,-0.018073323313,0.0,432.64791094091777,434.4195140234459,434.00039439168904,432.0005420249977
3.660000000000003,4.99935238028,-3.99746696563,20.9191409212,6.05527555024,6.00835323366,4.0,4.87414568042,-3.61166607428,4.48827610762,-0.113672417978,-0.0213713537872,0.0,434.4087999579094,434.1321310134517,435.2951880026646,434.44818000824625
3.720000000000003,5.29785231397,-4.21912886182,21.1898919655,6.04831724124,6.00767152301,4.0,5.07591588691,-3.77772281689,4.53563885247,-0.121015346218,0.00350141432003,0.0,472.1609112169011,474.07641212300604,472.96139326958036,472.3842070701185
3.780000000000003,5.60707424201,-4.44974145582,21.4584814383,6.04117567678,6.00773084,4.0,5.23173214475,-3.91011727115,4.41719322592,-0.11532139642,-0.0045818959584,0.0,420.6868181353818,419.9861127322999,418.64969601592475,419.13125676022423
3.840000000000003,5.92631722056,-4.68897612023,21.72205429,6.03456779302,6.00697370623,4.0,5.40988905811,-4.06507387888,4.36796317555,-0.101379502414,-0.0379961278695,0.0,446.08884340881485,443.3512626861254,442.93939506335283,444.073885317288
3.900000000000003,6.25644781329,-4.93777423528,21.9830521382,6.02853751431,6.00500482797,4.0,5.59476960191,-4.22882524471,4.33119297576,-0.0988112688506,-0.0240697418673,0.0,448.91901651925997,450.0474577178344,449.96805305577476,450.1673803848686
3.960000000000003,6.59805152755,-5.19680990973,22.2427765421,6.02268613854,6.00353849761,4.0,5.79224199333,-4.40631143044,4.32531358931,-0.09506512986,-0.0251873524913,0.0,461.8409881555116,461.7527525368894,461.49239480557407,461.78030165622647
4.020000000000002,6.95097982806,-5.4661065345,22.5000370741,6.01695644229,6.00277847732,4.0,5.97234642302,-4.57091025052,4.24946940458,-0.096368040753,0.00485277514509,0.0,438.8325369119017,441.31973894582177,440.85499358182585,440.73945216210143
4.080000000000001,7.31350961708,-5.74426081933,22.7484101741,6.01104114777,6.00305062102,4.0,6.11247443204,-4.70172101174,4.02995804349,-0.10344189394,0.00389394383842,0.0,389.6004565278361,389.5106888775545,389.3180389557375,388.64548902890715
4.14,7.68573790653,-6.03154926862,22.9876564196,6.00457263747,6.00311149788,4.0,6.29540701158,-4.87532573987,3.94435707521,-0.118396742448,-0.00547619686873,0.0,438.3133557811695,437.53372850573857,438.1872306138406,436.93135367529635
4.199999999999998,8.07059273225,-6.33094237834,23.2269663571,5.99736942092,6.00281323376,4.0,6.53309489748,-5.10515178448,4.03089843087,-0.123588614789,-0.00397942417499,0.0,495.9322818054131,496.0423243091169,494.65718110723196,494.2632086833677
4.259999999999997,8.46898936496,-6.64356053119,23.4687119808,5.99042152299,6.00299788555,4.0,6.74694118934,-5.316229728,4.02605664716,-0.103569866631,0.0143825719701,0.0,469.7736037801085,471.19557685452156,468.89120479999286,470.4327569140881
4.319999999999996,8.88014043835,-6.96889347029,23.7095797134,5.98395670624,6.00420806045,4.0,6.95822627583,-5.52897030998,4.00178972218,-0.117774252111,0.0297697699883,0.0,466.3192486521419,467.51994571706757,466.334060164328,465.2131446891908
4.379999999999995,9.30394983282,-7.30711003736,23.9486322162,5.97656629222,6.00644248329,4.0,7.16884539844,-5.74578978513,3.96557340915,-0.137058098255,0.0490734391421,0.0,464.13797206858453,465.65146104935,465.5010873561772,463.97590499882335
4.439999999999993,9.73997802386,-7.65805844724,24.1838418761,5.96810733561,6.00898775903,4.0,7.36559835066,-5.9535141684,3.87398126882,-0.150277659351,0.0237974498913,0.0,449.2863509703677,447.2326637548269,449.5346204779294,448.44338577932274
4.499999999999992,10.18790888,-8.02174056674,24.4135760468,5.95894335757,6.01043732767,4.0,7.56568758034,-6.17026914725,3.78286839063,-0.158153879229,0.024873791899,0.0,450.15589846461035,450.24307820541406,451.60323220424164,450.94561765624496
4.559999999999991,10.6482006048,-8.39898886485,24.6386691544,5.94967110602,6.01179624729,4.0,7.77758247526,-6.40572758673,3.7189916496,-0.148147744822,0.0177794761723,0.0,463.4923302195568,462.9342915237012,460.7727828114274,461.54168467678124
4.6199999999999894,11.1205216771,-8.789710054,24.8571892214,5.94040560047,6.01324312382,4.0,7.96689359951,-6.61943924072,3.56432120971,-0.171506505386,0.0344638533774,0.0,432.70502485286914,434.10783853784824,435.084751023143,433.1003011757825
4.679999999999988,11.6046883332,-9.19397983372,25.0676478516,5.93020669082,6.01514725589,4.0,8.17231060347,-6.85740757651,3.44987694175,-0.167098566321,0.0256296309128,0.0,449.2700827769767,448.553362776272,450.14878356742673,450.47815644792337
4.739999999999987,12.1011307418,-9.61261814667,25.2706109581,5.91973675237,6.01692314275,4.0,8.37617261631,-7.09841194626,3.31450158096,-0.196449970203,0.0365416087869,0.0,444.70756754523984,445.6010266081525,445.9808475555226,443.54597515750834
4.799999999999986,12.609585462,-10.0455778899,25.4642034295,5.90758199709,6.01959063297,4.0,8.57276723883,-7.33493988296,3.13765475289,-0.219079066845,0.0568502915453,0.0,431.2410181621019,432.9547776347257,434.6265168372434,432.68304225961054
4.859999999999984,13.1300990499,-10.4932525874,25.6475952712,5.89453961751,6.02301455187,4.0,8.77806012779,-7.58899598879,2.97424578428,-0.214167890155,0.0574917552997,0.0,439.9308412460302,439.9862369597437,439.9875950056028,440.34691144619023
4.919999999999983,13.6638383051,-10.9576539455,25.8238292443,5.88169641839,6.0264350821,4.0,9.01343325013,-7.89242727321,2.89828870725,-0.213825565983,0.0560254856557,0.0,472.56187623193955,472.45081915505244,473.5700516684827,473.5542622846645
4.979999999999982,14.212312036,-11.4413971126,25.997114147,5.86851165654,6.0302563442,4.0,9.26908127973,-8.23367838771,2.87537651141,-0.23546061123,0.0757605277314,0.0,494.15957334376,495.61501998145,495.40554245165606,493.768664634644
5.0399999999999805,14.7743609085,-11.94310494,26.1622216633,5.85457492743,6.03475831052,4.0,9.46649073019,-8.49155876601,2.6272693989,-0.226583645358,0.0735369134534,0.0,422.2714827010903,422.0842877171142,422.43045609950644,423.1387111214307
5.099999999999979,15.3487675155,-12.4612559984,26.3136304899,5.84100285119,6.03926802755,4.0,9.68094551663,-8.78175359047,2.41830795891,-0.225448712022,0.0782269216808,0.0,439.9391193358325,440.3318959000714,438.8026868039041,438.8454133414711
5.159999999999978,15.9363433862,-12.9974722817,26.4528976546,5.82806144159,6.04439773559,4.0,9.90545865829,-9.09374879178,2.22233208451,-0.201130925941,0.097065762452,0.0,445.71195469601963,447.2553064097522,447.8440273280599,449.77217590658415
5.219999999999977,16.5367000315,-13.551276368,26.5771102308,5.81567190272,6.05004845848,4.0,10.1073215409,-9.3682348025,1.9172980867,-0.220233587209,0.0876743074254,0.0,411.42701212540607,410.602621223041,410.90731617498193,409.16326820794916
5.279999999999975,17.1505575975,-14.1242333433,26.6873871297,5.80201475446,6.05516040371,4.0,10.3551208165,-9.73196049574,1.75634562065,-0.249480138271,0.0797256377317,0.0,467.0762010043993,466.46124255392795,466.89318295460026,464.5548940586957
5.339999999999974,17.7788238978,-14.7181998671,26.78534808,5.78686166664,6.06004854557,4.0,10.587869132,-10.0687024471,1.50708368829,-0.259519552975,0.0847438463566,0.0,439.33573816571555,439.7572026522714,441.327723230878,440.4332065443151
5.399999999999973,18.4212751956,-15.3328579442,26.8681759053,5.7716558596,6.06573657298,4.0,10.8279935797,-10.4217350041,1.25172829493,-0.243431467584,0.109708007562,0.0,442.4165818784242,444.47538190110714,441.9068800989777,443.1664386469043
5.4599999999999715,19.0792114015,-15.971111036,26.9388556821,5.75745306325,6.07397635821,4.0,11.1037124443,-10.855152209,1.10127155937,-0.225870446808,0.166065688728,0.0,482.60740843210414,486.8577661419963,485.5891778750223,486.8542174266332
5.51999999999997,19.7532169419,-16.6343683678,26.9975554785,5.74388615136,6.08356209909,4.0,11.3639658065,-11.2555710742,0.853197823798,-0.226608292553,0.142579614707,0.0,459.2917996921197,457.44763466574204,457.33073518745664,457.22275358347014
5.579999999999969,20.4426882975,-17.3212354305,27.0395001846,5.73027282707,6.09191435484,4.0,11.6195729559,-11.6422282294,0.542906292831,-0.227454507749,0.131425235712,0.0,440.5078556404732,439.6022701347015,440.8156889546532,440.6941298844629
5.639999999999968,21.14805611,-18.0326177218,27.0637850208,5.7166054693,6.09953598487,4.0,11.8938602944,-12.0726459441,0.263899627608,-0.228466094345,0.116346712298,0.0,458.38689390538605,457.20071096069233,457.70070952505,457.5702486400484
5.699999999999966,21.8697504911,-18.7691422642,27.0690251921,5.70330672339,6.10677298975,4.0,12.1641500896,-12.4804920815,-0.0916158702033,-0.210667492263,0.128014685081,0.0,434.89410066938586,435.88406141802733,435.36876995705694,436.8059549018912
5.759999999999965,22.6080364968,-19.5307780118,27.0526884053,5.69092426273,6.11436546249,4.0,12.4470824909,-12.9098275609,-0.45545902826,-0.198946569485,0.123421633762,0.0,438.9068698445955,438.5401652421461,438.5255191827445,439.45587430105275
5.819999999999964,23.3638464173,-20.3193044605,27.0149238507,5.67864541635,6.12185026602,4.0,12.7484014329,-13.3768535909,-0.806329143542,-0.219569429575,0.127270830074,0.0,451.1650331995891,451.4896886073232,450.9742467060504,449.2635854342107
5.879999999999963,24.13795155,-21.135780053,26.9546481908,5.66502764851,6.12981509259,4.0,13.0571606581,-13.8416608005,-1.2059216525,-0.248861723764,0.141904534556,0.0,439.9870109242332,441.2135759069795,440.54494950653617,438.06203026835266
5.939999999999961,24.9312868739,-21.9817480127,26.8712266482,5.64993617679,6.13825049654,4.0,13.3894108683,-14.3598663228,-1.57872030874,-0.257452888855,0.137825632054,0.0,459.0822256919308,458.7760228796429,459.53423279980444,458.79105365100327
5.99999999999996,25.745041622,-22.8595413138,26.7648921588,5.63453361788,6.14611814103,4.0,13.7380416943,-14.9025260075,-1.9701378279,-0.255265250953,0.112333533818,0.0,464.2771647628232,462.2866126857531,461.75331777074166,461.86241689451765
6.059999999999959,26.5802942018,-23.7708281516,26.6346901931,5.6191065225,6.15225789734,4.0,14.106294708,-15.4762070724,-2.37490969242,-0.26109935466,0.0537089016575,0.0,471.76992153754924,467.2266843410016,469.40859157710054,468.8927413666773
6.1199999999999575,27.4380741345,-24.716451939,26.478421867,5.60308584714,6.15521667514,4.0,14.4893956627,-16.0468124634,-2.8395446189,-0.282684689542,0.0386296363465,0.0,460.25536087481515,459.06125712695155,461.3748780417475,459.59673356781167
6.179999999999956,28.3187231828,-25.6930590411,26.2885753534,5.58666624641,6.15754104105,4.0,14.8691925679,-16.5095650539,-3.49319030368,-0.259952779652,0.0389580666985,0.0,395.9799899342696,396.0111537495292,394.28617770565256,396.2951733413185
6.239999999999955,29.2232831909,-26.6998558179,26.0607568426,5.5713852246,6.1598615753,4.0,15.286731846,-17.0530475742,-4.10635694336,-0.245828590275,0.0381046552988,0.0,428.94983133012437,428.8781091959287,427.0374454392312,428.172954680398
6.299999999999954,30.1537821588,-27.7401398574,25.7953464233,5.55688540299,6.16224852582,4.0,15.734281451,-17.6259958401,-4.74675735941,-0.234431985681,0.0429423366777,0.0,432.8910432905473,433.2989697943416,433.3310512672078,434.2284016031824
6.359999999999952,31.1124079536,-28.8173340995,25.4924001545,5.54243245458,6.16480132467,4.0,16.2246749388,-18.2832506933,-5.35877858748,-0.258629331637,0.0417435203368,0.0,465.4947739275571,465.401806786025,462.9810486186582,461.01593669271205
6.419999999999951,32.1018193541,-29.9366051055,25.1534531599,5.52694905183,6.16695840247,4.0,16.7608054666,-19.0280660474,-5.9484592778,-0.256937804567,0.020668507168,0.0,495.46753248277173,493.9154146703252,493.2079650077488,493.2731961935948
6.47999999999995,33.1242543968,-31.0997067467,24.7758578095,5.51193694942,6.16831433931,4.0,17.3262145178,-19.7446088477,-6.64725595039,-0.239336426317,0.026204085167,0.0,475.0641018072075,475.48855950763675,474.79547429395075,476.0859285314857
6.5399999999999485,34.1816364781,-32.3050399577,24.3530767484,5.49812738287,6.17054195601,4.0,17.9266148562,-20.4367201672,-7.45458498295,-0.216269763141,0.0529897905122,0.0,455.1682655696095,457.30852836558563,455.1329731064118,456.92450143978914
6.599999999999947,35.2762282454,-33.5510988671,23.8783923311,5.48495821761,6.17329876015,4.0,18.56761935,-21.1033583347,-8.37733628171,-0.226835927028,0.0256265571267,0.0,432.77655199286215,430.4671242597841,433.59793557898524,432.6595965754632
6.659999999999946,36.4111902057,-34.8398108023,23.3480401826,5.47151460427,6.17466969404,4.0,19.2730976658,-21.8580018258,-9.31222364491,-0.219026916776,0.0166179372364,0.0,457.44980818714384,456.73152362372116,457.3015350225104,457.8752210223196
6.719999999999945,37.590657969,-36.1769972381,22.7614170914,5.45855629059,6.17513976279,4.0,20.0521998991,-22.7189973764,-10.2551300718,-0.210480903211,-0.022457360668,0.0,490.36422853649066,487.4513834056303,488.24420829505124,488.84019165865243
6.779999999999943,38.8183876231,-37.5630069582,22.112040212,5.44597318441,6.17413180937,4.0,20.8833332017,-23.4866518731,-11.4042427864,-0.208238085506,-0.00737839982853,0.0,437.8977842670559,439.15115289950324,437.3225101335182,437.46532028411644
6.839999999999942,40.0978706432,-38.9928289225,21.3878352192,5.43344286247,6.17394104498,4.0,21.7791404974,-24.1813689906,-12.7497147915,-0.21006558652,0.00411764360024,0.0,386.17960000951825,387.2632916430756,384.99226461326003,384.768847849807
6.899999999999941,41.4346824054,-40.4713990621,20.5847971686,5.42100588109,6.17382403718,4.0,22.7959505003,-25.1108575846,-14.0361501449,-0.202237697508,-0.0182591670311,0.0,467.1610022750088,465.41194173498087,467.25613130553546,467.8263671493772
6.95999999999994,42.835315094,-42.0048934655,19.6988665373,5.40895726083,6.17376207528,4.0,23.908938997,-26.0138664976,-15.5144307738,-0.198102790882,0.0207438510014,0.0,434.778182286177,438.0358579087979,436.1358448440193,436.440949685101
7.019999999999938,44.306852094,-43.5975240826,18.7227144413,5.39735307894,6.17477352403,4.0,25.1622403605,-27.0830972165,-17.0473063493,-0.185368690293,0.00765821498533,0.0,479.4886708716958,478.4928420359968,477.3666341335207,478.30417183125155
7.079999999999937,45.8578589976,-45.2562353704,17.6495624937,5.38673293722,6.17541498873,4.0,26.5615053059,-28.2184329914,-18.751253186,-0.164070887267,0.0161551719678,0.0,476.8219726800912,477.4709182101463,477.0925748846547,478.6887050498023
7.139999999999936,47.4974915314,-46.9826007067,16.4661292786,5.37698653441,6.17606699278,4.0,28.1211333255,-29.3420875285,-20.7264868113,-0.159367011924,-0.00266040115321,0.0,439.27421344693727,437.7099796123422,439.19906296891315,439.56383079349536
7.1999999999999345,49.2368443741,-48.7800301758,15.1580549055,5.36695995145,6.17576823442,4.0,29.8908421384,-30.5892927584,-22.9121537271,-0.19079772138,-0.0100755458747,0.0,444.574495886955,443.96618055058894,447.0316065481834,444.4335922820789
7.259999999999933,51.089577189,-50.6555796155,13.7107428004,5.35571412094,6.1752806017,4.0,31.9070580672,-31.9482116754,-25.3756457111,-0.18143628297,-0.00449042945722,0.0,441.90360761877895,442.36419877948157,439.73415120575163,440.4749318645357
7.319999999999932,53.0721690985,-52.6179457872,12.1068719803,5.34504622784,6.17502043522,4.0,34.2284604659,-33.4875675135,-28.1404081965,-0.17137560753,-0.00402922119734,0.0,455.0046579848356,455.0416876558313,454.9839465475533,455.7595325606073
7.379999999999931,55.2050337762,-54.6796566817,10.326726682,5.33464346268,6.17483857555,4.0,36.927864493,-35.2650163576,-31.2644203096,-0.177715899726,-0.00110563582584,0.0,477.6984475651727,477.92154483978857,477.92358253444536,477.41311278817324
7.439999999999929,57.5128721518,-56.8516361248,8.34256705216,5.32399732336,6.17473958151,4.0,40.0767423844,-37.1715486471,-34.9567813665,-0.176881795291,-0.00276135815821,0.0,443.4119278841019,443.27581959371344,443.5583308974813,443.5964583011662
7.499999999999928,60.0264113511,-59.1447398873,6.11755962523,5.31351701309,6.17432771012,4.0,43.8061812344,-39.3132466137,-39.3152834025,-0.170588186036,-0.0166870878475,0.0,424.47515272694176,423.2775210751576,423.0651141186553,423.57606153948575
7.559999999999927,62.7858076194,-61.5783194737,3.60846901108,5.30383771351,6.17357148009,4.0,48.3022579456,-41.8680688518,-44.4592140475,-0.147321094717,-0.00548352798665,0.0,440.9819797940593,441.90731847270814,439.6913728096318,441.5908176654505
7.6199999999999255,65.8436059222,-64.1765952793,0.757886563244,5.29519703478,6.17374512919,4.0,53.7979407253,-44.8283427694,-50.7435133607,-0.138106681904,0.0158555823107,0.0,402.8140294839482,404.74087654021076,403.92015311657906,404.72936767288166
7.679999999999924,69.2713274146,-66.9769758713,0.0,5.28708503953,6.17506782812,4.0,60.7004274346,-48.6386318307,-58.3917954327,-0.129947259057,0.0321973050813,0.0,462.05977940905194,463.34730224097547,462.21828824475284,462.8452554494633
